28.2000 42.333 18.0908 1.1 96 1 18 21 1995-03-18T20:00 Cruise:WOD05_TR000036
28.2167 42.500 17.869 1.1 96 1 18 23 1995-03-18T21:40 Cruise:WOD05_TR000036
28.3333 42.500 17.8497 1.1 96 1 18 23 1995-03-18T22:25 Cruise:WOD05_TR000036
28.3333 43.000 16.8671 1.1 96 1 19 20 1995-03-19T18:34 Cruise:WOD05_TR000036
28.3800 42.670 18.057 1.1 90 1 01 4 1989-03-01T02:40 Cruise:WOD05_UA000018
28.4200 42.670 18.062 1.1 90 1 01 4 1989-03-01T03:19 Cruise:WOD05_UA000018
28.4500 42.670 18.066 1.1 90 1 01 5 1989-03-01T04:15 Cruise:WOD05_UA000018
28.4667 43.117 17.5081 1.1 96 1 19 22 1995-03-19T21:00 Cruise:WOD05_TR000036
28.5000 43.000 17.7745 1.1 96 1 19 19 1995-03-19T17:34 Cruise:WOD05_TR000036
28.5833 41.997 18.2603 1.1 96 1 18 16 1995-03-18T15:10 Cruise:WOD05_TR000036
28.5833 42.500 18.2624 1.1 96 1 18 25 1995-03-18T23:45 Cruise:WOD05_TR000036
28.6333 43.000 18.2442 1.1 96 1 19 17 1995-03-19T16:30 Cruise:WOD05_TR000036
28.6700 42.670 18.119 1.1 90 1 01 7 1989-03-01T06:00 Cruise:WOD05_UA000018
28.6833 42.017 18.3267 1.1 96 1 18 15 1995-03-18T14:10 Cruise:WOD05_TR000036
28.7000 42.500 18.2786 1.1 96 1 19 1 1995-03-19T00:30 Cruise:WOD05_TR000036
28.7333 43.233 18.1005 1.1 96 1 19 23 1995-03-19T22:30 Cruise:WOD05_TR000036
28.7500 43.000 18.1848 1.1 96 1 19 16 1995-03-19T15:04 Cruise:WOD05_TR000036
28.8333 42.500 18.2371 1.1 96 1 19 3 1995-03-19T01:49 Cruise:WOD05_TR000036
28.8667 43.000 18.5096 1.1 96 1 19 15 1995-03-19T14:00 Cruise:WOD05_TR000036
28.8833 42.067 18.2849 1.1 96 1 18 14 1995-03-18T12:34 Cruise:WOD05_TR000036
28.9500 43.467 18.0937 1.1 96 1 20 1 1995-03-20T00:19 Cruise:WOD05_TR000036
28.9833 43.000 18.3628 1.1 96 1 19 14 1995-03-19T13:00 Cruise:WOD05_TR000036
29.0000 42.500 18.2192 1.1 96 1 19 4 1995-03-19T02:55 Cruise:WOD05_TR000036
29.0000 42.680 18.103 1.1 90 1 01 9 1989-03-01T08:19 Cruise:WOD05_UA000018
29.0000 44.117 16.4309 1.1 96 1 20 18 1995-03-20T16:40 Cruise:WOD05_TR000036
29.0833 43.433 18.2096 1.1 96 1 20 2 1995-03-20T01:10 Cruise:WOD05_TR000036
29.1000 44.283 16.0145 1.1 96 1 21 12 1995-03-21T11:10 Cruise:WOD05_TR000036
29.1167 43.000 18.32 1.1 96 1 19 13 1995-03-19T12:00 Cruise:WOD05_TR000036
29.1500 44.050 16.8989 1.1 96 1 20 16 1995-03-20T15:30 Cruise:WOD05_TR000036
29.2167 43.383 18.2879 1.1 96 1 20 3 1995-03-20T02:00 Cruise:WOD05_TR000036
29.2500 41.300 17.9495 1.1 96 1 18 1 1995-03-18T00:30 Cruise:WOD05_TR000036
29.2500 41.500 18.2131 1.1 96 1 18 3 1995-03-18T02:19 Cruise:WOD05_TR000036
29.2500 41.650 18.2122 1.1 96 1 18 5 1995-03-18T03:40 Cruise:WOD05_TR000036
29.2500 41.767 18.2466 1.1 96 1 18 6 1995-03-18T05:10 Cruise:WOD05_TR000036
29.2500 41.933 18.2722 1.1 96 1 18 8 1995-03-18T06:55 Cruise:WOD05_TR000036
29.2500 42.167 18.3574 1.1 96 1 18 10 1995-03-18T09:00 Cruise:WOD05_TR000036
29.2500 42.500 18.347 1.1 96 1 19 5 1995-03-19T04:30 Cruise:WOD05_TR000036
29.2500 43.000 18.3951 1.1 96 1 19 11 1995-03-19T10:10 Cruise:WOD05_TR000036
29.3000 43.983 17.7185 1.1 96 1 20 16 1995-03-20T14:45 Cruise:WOD05_TR000036
29.3333 43.367 18.1745 1.1 96 1 20 4 1995-03-20T02:40 Cruise:WOD05_TR000036
29.3667 44.367 16.8185 1.1 96 1 21 24 1995-03-21T22:34 Cruise:WOD05_TR000036
29.4333 43.917 18.2383 1.1 96 1 20 15 1995-03-20T13:45 Cruise:WOD05_TR000036
29.4667 43.333 18.1706 1.1 96 1 20 4 1995-03-20T03:30 Cruise:WOD05_TR000036
29.5333 44.300 16.8414 1.1 96 1 21 25 1995-03-21T23:34 Cruise:WOD05_TR000036
29.5500 42.670 18.114 1.1 90 1 01 15 1989-03-01T13:34 Cruise:WOD05_UA000018
29.5833 43.833 18.197 1.1 96 1 20 14 1995-03-20T12:49 Cruise:WOD05_TR000036
29.7167 43.350 18.1929 1.1 96 1 20 6 1995-03-20T05:10 Cruise:WOD05_TR000036
29.7167 43.767 18.1855 1.1 96 1 20 13 1995-03-20T12:00 Cruise:WOD05_TR000036
29.7500 41.333 18.2817 1.1 96 1 27 19 1995-03-27T18:30 Cruise:WOD05_TR000036
29.7500 41.500 18.4001 1.1 96 1 27 17 1995-03-27T16:00 Cruise:WOD05_TR000036
29.7667 44.250 17.7312 1.1 96 1 22 1 1995-03-22T00:30 Cruise:WOD05_TR000036
29.8500 43.700 18.254 1.1 96 1 20 12 1995-03-20T11:00 Cruise:WOD05_TR000036
29.8667 44.183 18.2347 1.1 96 1 22 2 1995-03-22T01:30 Cruise:WOD05_TR000036
29.8833 44.650 16.5181 1.1 96 1 22 18 1995-03-22T17:19 Cruise:WOD05_TR000036
29.9167 44.783 15.898 1.1 96 1 22 19 1995-03-22T18:10 Cruise:WOD05_TR000036
29.9667 44.883 16.8837 1.1 96 1 22 20 1995-03-22T19:10 Cruise:WOD05_TR000036
30.0000 42.670 18.115 1.1 90 1 01 19 1989-03-01T17:45 Cruise:WOD05_UA000018
30.0000 43.383 18.4185 1.1 96 1 20 8 1995-03-20T06:45 Cruise:WOD05_TR000036
30.0167 44.117 18.2055 1.1 96 1 22 3 1995-03-22T02:30 Cruise:WOD05_TR000036
30.0333 44.583 17.5567 1.1 96 1 22 17 1995-03-22T16:25 Cruise:WOD05_TR000036
30.1167 43.567 18.4197 1.1 96 1 20 10 1995-03-20T08:49 Cruise:WOD05_TR000036
30.1333 44.850 17.4598 1.1 96 1 23 14 1995-03-23T13:30 Cruise:WOD05_TR000036
30.1667 44.517 18.1155 1.1 96 1 22 16 1995-03-22T15:30 Cruise:WOD05_TR000036
30.1833 44.050 18.15 1.1 96 1 22 5 1995-03-22T03:34 Cruise:WOD05_TR000036
30.2500 41.333 18.2763 1.1 96 1 27 22 1995-03-27T21:00 Cruise:WOD05_TR000036
30.2833 44.433 18.2277 1.1 96 1 22 15 1995-03-22T14:30 Cruise:WOD05_TR000036
30.3000 44.800 17.377 1.1 96 1 23 15 1995-03-23T14:25 Cruise:WOD05_TR000036
30.3667 43.983 18.1819 1.1 96 1 22 6 1995-03-22T04:34 Cruise:WOD05_TR000036
30.4500 44.350 18.187 1.1 96 1 22 14 1995-03-22T13:30 Cruise:WOD05_TR000036
30.4833 44.750 18.1086 1.1 96 1 23 16 1995-03-23T15:30 Cruise:WOD05_TR000036
30.5000 43.667 18.105 1.1 89 1 22 20 1988-03-22T19:30 Cruise:WOD05_UA000011
30.5333 43.917 18.168 1.1 96 1 22 7 1995-03-22T06:00 Cruise:WOD05_TR000036
30.5667 44.700 18.2092 1.1 96 1 23 17 1995-03-23T16:04 Cruise:WOD05_TR000036
30.5833 44.267 18.2055 1.1 96 1 22 13 1995-03-22T12:30 Cruise:WOD05_TR000036
30.7167 44.183 18.1773 1.1 96 1 22 12 1995-03-22T11:30 Cruise:WOD05_TR000036
30.7167 44.633 18.2137 1.1 96 1 23 18 1995-03-23T17:10 Cruise:WOD05_TR000036
30.7500 41.333 18.0915 1.1 96 1 28 4 1995-03-28T02:45 Cruise:WOD05_TR000036
30.7500 41.500 18.1472 1.1 96 1 28 2 1995-03-28T00:49 Cruise:WOD05_TR000036
30.7500 42.670 18.222 1.1 90 1 01 23 1989-03-01T21:40 Cruise:WOD05_UA000018
30.7500 42.833 18.448 1.1 89 1 12 7 1988-03-12T06:10 Cruise:WOD05_UA000011
30.7500 42.833 18.448 1.1 89 1 22 7 1988-03-22T06:30 Cruise:WOD05_UA000011
30.7500 43.167 18.236 1.1 89 1 22 10 1988-03-22T09:15 Cruise:WOD05_UA000011
30.7500 43.167 18.363 1.1 89 1 12 11 1988-03-12T09:49 Cruise:WOD05_UA000011
30.7500 43.500 18.154 1.1 89 1 22 18 1988-03-22T17:22 Cruise:WOD05_UA000011
30.7500 43.500 18.318 1.1 89 1 12 19 1988-03-12T18:13 Cruise:WOD05_UA000011
30.7500 43.833 18.067 1.1 89 1 22 23 1988-03-22T21:49 Cruise:WOD05_UA000011
30.7500 43.833 18.115 1.1 89 1 12 22 1988-03-12T21:18 Cruise:WOD05_UA000011
30.7500 43.833 18.5276 1.1 96 1 22 8 1995-03-22T07:30 Cruise:WOD05_TR000036
30.7500 44.167 18.06 1.1 89 1 07 7 1988-03-07T06:10 Cruise:WOD05_UA000011
30.7500 44.167 18.09 1.1 89 1 23 15 1988-03-23T14:30 Cruise:WOD05_UA000011
30.7500 44.483 18.199 1.1 89 1 07 4 1988-03-07T03:30 Cruise:WOD05_UA000011
30.8000 43.967 18.1945 1.1 96 1 22 10 1995-03-22T09:00 Cruise:WOD05_TR000036
30.8167 44.533 18.1916 1.1 96 1 23 19 1995-03-23T18:00 Cruise:WOD05_TR000036
30.8500 44.100 18.1761 1.1 96 1 22 11 1995-03-22T10:25 Cruise:WOD05_TR000036
30.9500 44.433 18.1846 1.1 96 1 23 20 1995-03-23T19:10 Cruise:WOD05_TR000036
31.0000 44.000 18.065 1.1 89 1 23 2 1988-03-23T00:40 Cruise:WOD05_UA000011
31.0000 44.333 18.076 1.1 89 1 23 13 1988-03-23T12:30 Cruise:WOD05_UA000011
31.0700 43.520 18.05 1.1 90 1 02 13 1989-03-02T11:46 Cruise:WOD05_UA000018
31.1667 45.767 16.62 1.1 92 1 23 9 1991-03-23T07:51 Cruise:WOD05_SU019009
31.1667 45.767 18.05 1.1 92 1 03 8 1991-03-03T06:46 Cruise:WOD05_SU019009
31.2167 44.500 18.129 1.1 93 1 19 19 1992-03-19T17:52 Cruise:WOD05_UA000032
31.2167 45.500 18.02 1.1 92 1 23 12 1991-03-23T10:51 Cruise:WOD05_SU019009
31.2333 44.667 18.057 1.1 93 1 19 21 1992-03-19T19:54 Cruise:WOD05_UA000032
31.2333 44.833 18.084 1.1 93 1 19 22 1992-03-19T21:16 Cruise:WOD05_UA000032
31.2333 45.000 18.101 1.1 93 1 19 24 1992-03-19T22:52 Cruise:WOD05_UA000032
31.2500 41.333 18.152 1.1 96 1 28 7 1995-03-28T05:40 Cruise:WOD05_TR000036
31.2500 41.500 18.1358 1.1 96 1 28 8 1995-03-28T07:15 Cruise:WOD05_TR000036
31.2500 42.833 18.393 1.1 89 1 22 4 1988-03-22T03:19 Cruise:WOD05_UA000011
31.2500 42.833 18.607 1.1 89 1 12 3 1988-03-12T02:30 Cruise:WOD05_UA000011
31.2500 43.167 18.378 1.1 89 1 12 13 1988-03-12T12:19 Cruise:WOD05_UA000011
31.2500 43.167 18.464 1.1 89 1 22 13 1988-03-22T12:00 Cruise:WOD05_UA000011
31.2500 43.500 18.226 1.1 89 1 22 15 1988-03-22T14:30 Cruise:WOD05_UA000011
31.2500 43.500 18.347 1.1 89 1 12 16 1988-03-12T15:15 Cruise:WOD05_UA000011
31.2500 43.833 18.101 1.1 89 1 13 2 1988-03-13T00:34 Cruise:WOD05_UA000011
31.2500 43.833 18.316 1.1 89 1 23 23 1988-03-23T22:30 Cruise:WOD05_UA000011
31.2500 44.167 18.083 1.1 89 1 07 10 1988-03-07T09:25 Cruise:WOD05_UA000011
31.2500 44.167 18.083 1.1 89 1 23 18 1988-03-23T17:30 Cruise:WOD05_UA000011
31.2500 44.167 18.087 1.1 89 1 23 4 1988-03-23T03:00 Cruise:WOD05_UA000011
31.2500 44.500 18.075 1.1 89 1 23 11 1988-03-23T10:15 Cruise:WOD05_UA000011
31.2500 44.500 18.083 1.1 89 1 07 2 1988-03-07T00:34 Cruise:WOD05_UA000011
31.2500 45.250 18.1311 1.1 92 1 23 13 1991-03-23T12:30 Cruise:WOD05_SU019009
31.2667 45.217 18.3 1.1 92 1 03 14 1991-03-03T12:51 Cruise:WOD05_SU019009
31.2667 45.233 18.29 1.1 92 1 03 4 1991-03-03T03:04 Cruise:WOD05_SU019009
31.2667 45.500 18.11 1.1 92 1 03 6 1991-03-03T04:49 Cruise:WOD05_SU019009
31.2833 43.750 18.35 1.1 92 1 04 3 1991-03-04T02:19 Cruise:WOD05_SU019009
31.2833 44.000 18.5 1.1 92 1 04 2 1991-03-04T00:34 Cruise:WOD05_SU019009
31.2833 44.250 18.45 1.1 92 1 03 24 1991-03-03T22:49 Cruise:WOD05_SU019009
31.4000 43.933 18.233 1.1 93 1 20 20 1992-03-20T19:16 Cruise:WOD05_UA000032
31.4333 44.750 18.28 1.1 92 1 02 25 1991-03-02T23:46 Cruise:WOD05_SU019009
31.4667 44.333 18.175 1.1 93 1 20 12 1992-03-20T11:28 Cruise:WOD05_UA000032
31.4667 44.500 18.071 1.1 93 1 20 10 1992-03-20T09:25 Cruise:WOD05_UA000032
31.4667 44.600 18.067 1.1 93 1 19 15 1992-03-19T14:01 Cruise:WOD05_UA000032
31.4667 44.667 18.084 1.1 93 1 20 8 1992-03-20T07:25 Cruise:WOD05_UA000032
31.4667 44.833 18.082 1.1 93 1 20 7 1992-03-20T06:01 Cruise:WOD05_UA000032
31.4667 44.983 18.28 1.1 92 1 03 2 1991-03-03T01:25 Cruise:WOD05_SU019009
31.4667 45.000 18.102 1.1 93 1 20 6 1992-03-20T04:31 Cruise:WOD05_UA000032
31.4667 45.167 16.438 1.1 93 1 20 4 1992-03-20T02:43 Cruise:WOD05_UA000032
31.4833 43.600 18.32 1.1 93 1 20 25 1992-03-20T23:37 Cruise:WOD05_UA000032
31.4833 44.500 18.42 1.1 92 1 02 9 1991-03-02T07:46 Cruise:WOD05_SU019009
31.4833 45.067 18.13 1.1 92 1 23 22 1991-03-23T21:30 Cruise:WOD05_SU019009
31.5000 42.670 18.345 1.1 90 1 02 4 1989-03-02T02:34 Cruise:WOD05_UA000018
31.5000 44.000 18.088 1.1 90 1 02 18 1989-03-02T17:25 Cruise:WOD05_UA000018
31.5000 44.000 18.29 1.1 89 1 23 21 1988-03-23T19:49 Cruise:WOD05_UA000011
31.5000 44.333 18.092 1.1 89 1 23 6 1988-03-23T05:30 Cruise:WOD05_UA000011
31.5000 44.500 18.12 1.1 92 1 14 8 1991-03-14T07:19 Cruise:WOD05_SU019009
31.5667 44.533 18.08 1.1 92 1 15 13 1991-03-15T11:52 Cruise:WOD05_SU019009
31.6833 43.750 18.09 1.1 92 1 14 1 1991-03-14T00:30 Cruise:WOD05_SU019009
31.6833 44.000 18.08 1.1 92 1 14 3 1991-03-14T02:25 Cruise:WOD05_SU019009
31.6833 44.250 18.16 1.1 92 1 14 5 1991-03-14T04:22 Cruise:WOD05_SU019009
31.6833 44.500 18.08 1.1 92 1 14 7 1991-03-14T06:12 Cruise:WOD05_SU019009
31.7167 44.883 18.11 1.1 92 1 23 24 1991-03-23T23:15 Cruise:WOD05_SU019009
31.7333 44.000 18.47 1.1 92 1 02 4 1991-03-02T03:30 Cruise:WOD05_SU019009
31.7333 44.467 18.208 1.1 86 1 08 12 1985-03-08T10:49 Cruise:WOD05_UA000002
31.7500 41.583 18.2253 1.1 96 1 28 12 1995-03-28T11:00 Cruise:WOD05_TR000036
31.7500 41.833 18.2984 1.1 96 1 28 14 1995-03-28T13:30 Cruise:WOD05_TR000036
31.7500 41.833 18.331 1.1 86 1 15 6 1985-03-15T05:16 Cruise:WOD05_UA000002
31.7500 42.167 18.363 1.1 86 1 14 25 1985-03-14T23:33 Cruise:WOD05_UA000002
31.7500 42.500 18.298 1.1 86 1 14 22 1985-03-14T20:52 Cruise:WOD05_UA000002
31.7500 42.833 18.291 1.1 86 1 14 18 1985-03-14T17:25 Cruise:WOD05_UA000002
31.7500 42.833 18.467 1.1 89 1 22 1 1988-03-22T00:19 Cruise:WOD05_UA000011
31.7500 42.833 18.543 1.1 89 1 11 24 1988-03-11T23:00 Cruise:WOD05_UA000011
31.7500 43.167 18.38 1.1 86 1 08 24 1985-03-08T23:25 Cruise:WOD05_UA000002
31.7500 43.167 18.448 1.1 89 1 21 22 1988-03-21T21:19 Cruise:WOD05_UA000011
31.7500 43.167 18.52 1.1 89 1 11 20 1988-03-11T19:30 Cruise:WOD05_UA000011
31.7500 43.250 18.084 1.1 90 1 02 8 1989-03-02T06:34 Cruise:WOD05_UA000018
31.7500 43.500 18.319 1.1 86 1 08 21 1985-03-08T20:03 Cruise:WOD05_UA000002
31.7500 43.500 18.366 1.1 89 1 09 5 1988-03-09T04:00 Cruise:WOD05_UA000011
31.7500 43.500 18.37 1.1 89 1 21 2 1988-03-21T01:30 Cruise:WOD05_UA000011
31.7500 43.750 18.41 1.1 92 1 04 6 1991-03-04T04:46 Cruise:WOD05_SU019009
31.7500 43.832 18.41 1.1 89 1 20 23 1988-03-20T22:00 Cruise:WOD05_UA000011
31.7500 43.833 18.279 1.1 86 1 08 18 1985-03-08T17:06 Cruise:WOD05_UA000002
31.7500 43.833 18.375 1.1 89 1 08 25 1988-03-08T23:40 Cruise:WOD05_UA000011
31.7500 43.833 18.393 1.1 89 1 24 2 1988-03-24T01:19 Cruise:WOD05_UA000011
31.7500 44.167 18.073 1.1 89 1 07 13 1988-03-07T12:30 Cruise:WOD05_UA000011
31.7500 44.167 18.274 1.1 86 1 08 15 1985-03-08T14:07 Cruise:WOD05_UA000002
31.7500 44.167 18.336 1.1 89 1 24 5 1988-03-24T04:00 Cruise:WOD05_UA000011
31.7500 44.250 18.44 1.1 92 1 02 6 1991-03-02T05:25 Cruise:WOD05_SU019009
31.7500 44.500 18.055 1.1 89 1 23 8 1988-03-23T07:30 Cruise:WOD05_UA000011
31.7500 44.500 18.08 1.1 89 1 06 22 1988-03-06T20:52 Cruise:WOD05_UA000011
31.8000 44.000 18.265 1.1 93 1 21 19 1992-03-21T18:10 Cruise:WOD05_UA000032
31.8000 44.167 18.075 1.1 93 1 21 22 1992-03-21T20:46 Cruise:WOD05_UA000032
31.8000 44.333 18.048 1.1 93 1 21 24 1992-03-21T23:01 Cruise:WOD05_UA000032
31.8167 44.500 18.033 1.1 93 1 22 2 1992-03-22T01:27 Cruise:WOD05_UA000032
31.8167 44.767 18.044 1.1 93 1 22 10 1992-03-22T09:15 Cruise:WOD05_UA000032
31.8167 44.833 18.045 1.1 93 1 22 13 1992-03-22T11:40 Cruise:WOD05_UA000032
31.8333 44.650 18.006 1.1 93 1 22 9 1992-03-22T07:31 Cruise:WOD05_UA000032
31.9000 43.667 18.465 1.1 93 1 21 15 1992-03-21T14:30 Cruise:WOD05_UA000032
31.9333 44.683 18 1.1 92 1 24 2 1991-03-24T00:49 Cruise:WOD05_SU019009
32.0000 43.670 18.153 1.1 90 1 02 22 1989-03-02T20:55 Cruise:WOD05_UA000018
32.1500 44.150 18.091 1.1 93 1 23 2 1992-03-23T00:42 Cruise:WOD05_UA000032
32.1500 44.250 18.07 1.1 92 1 14 24 1991-03-14T22:55 Cruise:WOD05_SU019009
32.1500 44.317 17.982 1.1 93 1 22 24 1992-03-22T22:42 Cruise:WOD05_UA000032
32.1667 43.500 18.09 1.1 92 1 15 5 1991-03-15T04:10 Cruise:WOD05_SU019009
32.1667 43.500 18.63 1.1 92 1 13 10 1991-03-13T08:45 Cruise:WOD05_SU019009
32.1667 43.750 18.17 1.1 92 1 15 3 1991-03-15T02:25 Cruise:WOD05_SU019009
32.1667 43.983 18.33 1.1 93 1 23 4 1992-03-23T03:25 Cruise:WOD05_UA000032
32.1667 44.000 18.12 1.1 92 1 15 2 1991-03-15T00:34 Cruise:WOD05_SU019009
32.1667 44.483 18.02 1.1 93 1 22 21 1992-03-22T19:52 Cruise:WOD05_UA000032
32.1667 44.500 18.16 1.1 92 1 15 20 1991-03-15T18:31 Cruise:WOD05_SU019009
32.1667 44.667 18.061 1.1 93 1 22 19 1992-03-22T17:43 Cruise:WOD05_UA000032
32.1667 44.833 18.043 1.1 93 1 22 17 1992-03-22T16:00 Cruise:WOD05_UA000032
32.1667 45.000 18.038 1.1 93 1 22 15 1992-03-22T14:07 Cruise:WOD05_UA000032
32.1833 43.750 18.48 1.1 92 1 01 5 1991-03-01T04:10 Cruise:WOD05_SU019009
32.1833 44.000 18.28 1.1 92 1 01 4 1991-03-01T02:34 Cruise:WOD05_SU019009
32.1833 44.250 18.22 1.1 92 1 01 2 1991-03-01T00:40 Cruise:WOD05_SU019009
32.1833 44.500 18.0267 1.1 92 1 22 8 1991-03-22T07:01 Cruise:WOD05_SU019009
32.2000 43.517 18.37 1.1 92 1 04 8 1991-03-04T07:25 Cruise:WOD05_SU019009
32.2163 44.000 18 1.1 93 1 23 2 1992-03-23T01:24 Cruise:WOD05_UA000032
32.2333 43.833 18.309 1.1 89 1 14 5 1988-03-14T04:19 Cruise:WOD05_UA000011
32.2333 43.883 18.26 1.1 89 1 13 8 1988-03-13T06:49 Cruise:WOD05_UA000011
32.2417 44.167 18.313 1.1 86 1 08 4 1985-03-08T03:10 Cruise:WOD05_UA000002
32.2500 41.833 18.1171 1.1 96 1 31 12 1995-03-31T11:30 Cruise:WOD05_TR000036
32.2500 42.167 18.2879 1.1 96 1 31 16 1995-03-31T15:19 Cruise:WOD05_TR000036
32.2500 42.167 18.309 1.1 86 1 14 9 1985-03-14T08:10 Cruise:WOD05_UA000002
32.2500 42.500 18.288 1.1 86 1 14 12 1985-03-14T11:07 Cruise:WOD05_UA000002
32.2500 42.500 18.4182 1.1 96 1 31 18 1995-03-31T17:00 Cruise:WOD05_TR000036
32.2500 42.833 18.277 1.1 86 1 14 16 1985-03-14T14:34 Cruise:WOD05_UA000002
32.2500 43.167 18.304 1.1 86 1 09 5 1985-03-09T04:07 Cruise:WOD05_UA000002
32.2500 43.333 18.451 1.1 89 1 11 17 1988-03-11T16:30 Cruise:WOD05_UA000011
32.2500 43.500 18.12 1.1 89 1 24 11 1988-03-24T10:30 Cruise:WOD05_UA000011
32.2500 43.500 18.31 1.1 89 1 09 10 1988-03-09T08:45 Cruise:WOD05_UA000011
32.2500 43.500 18.331 1.1 86 1 07 20 1985-03-07T19:06 Cruise:WOD05_UA000002
32.2500 43.500 18.3795 1.1 96 1 31 2 1995-03-31T00:58 Cruise:WOD05_UA000041
32.2500 43.500 18.4031 1.1 96 1 31 3 1995-03-31T01:40 Cruise:WOD05_UA000041
32.2500 43.500 18.44 1.1 89 1 21 5 1988-03-21T04:30 Cruise:WOD05_UA000011
32.2500 43.832 18.58 1.1 89 1 20 20 1988-03-20T19:30 Cruise:WOD05_UA000011
32.2500 43.833 18.2175 1.1 96 1 31 5 1995-03-31T04:21 Cruise:WOD05_UA000041
32.2500 43.833 18.241 1.1 86 1 07 25 1985-03-07T23:37 Cruise:WOD05_UA000002
32.2500 43.833 18.264 1.1 89 1 14 22 1988-03-14T21:30 Cruise:WOD05_UA000011
32.2500 43.833 18.381 1.1 89 1 26 12 1988-03-26T10:40 Cruise:WOD05_UA000011
32.2500 43.833 18.387 1.1 89 1 08 20 1988-03-08T19:30 Cruise:WOD05_UA000011
32.2500 44.167 18.11 1.1 89 1 24 8 1988-03-24T07:30 Cruise:WOD05_UA000011
32.2500 44.167 18.1399 1.1 96 1 31 8 1995-03-31T07:25 Cruise:WOD05_UA000041
32.2500 44.167 18.23 1.1 89 1 07 23 1988-03-07T22:00 Cruise:WOD05_UA000011
32.2500 44.500 18.037 1.1 89 1 24 11 1988-03-24T10:30 Cruise:WOD05_UA000011
32.2500 44.500 18.093 1.1 89 1 06 19 1988-03-06T17:46 Cruise:WOD05_UA000011
32.2500 44.500 18.146 1.1 86 1 08 8 1985-03-08T06:31 Cruise:WOD05_UA000002
32.5167 45.000 18.0899 1.1 93 1 23 24 1992-03-23T22:52 Cruise:WOD05_UA000032
32.5333 44.000 18.162 1.1 93 1 23 8 1992-03-23T06:34 Cruise:WOD05_UA000032
32.5333 44.167 18.053 1.1 93 1 23 9 1992-03-23T08:30 Cruise:WOD05_UA000032
32.5333 44.333 18.017 1.1 93 1 23 16 1992-03-23T15:27 Cruise:WOD05_UA000032
32.5333 44.500 17.99 1.1 93 1 23 19 1992-03-23T17:31 Cruise:WOD05_UA000032
32.5333 44.667 18.035 1.1 93 1 23 21 1992-03-23T20:13 Cruise:WOD05_UA000032
32.5333 44.833 18.014 1.1 93 1 23 22 1992-03-23T21:25 Cruise:WOD05_UA000032
32.6000 43.500 18.21 1.1 92 1 16 4 1991-03-16T03:30 Cruise:WOD05_SU019009
32.6000 44.250 18.08 1.1 92 1 15 23 1991-03-15T22:04 Cruise:WOD05_SU019009
32.6167 43.283 18.35 1.1 92 1 16 6 1991-03-16T05:07 Cruise:WOD05_SU019009
32.6167 44.000 18.16 1.1 92 1 15 25 1991-03-15T23:55 Cruise:WOD05_SU019009
32.6167 44.500 18.06 1.1 92 1 15 22 1991-03-15T20:31 Cruise:WOD05_SU019009
32.6333 43.750 18.34 1.1 92 1 16 3 1991-03-16T01:40 Cruise:WOD05_SU019009
32.7170 43.467 18.68 1.1 89 1 15 5 1988-03-15T04:00 Cruise:WOD05_UA000011
32.7330 43.467 18.71 1.1 89 1 15 17 1988-03-15T16:19 Cruise:WOD05_UA000011
32.7333 43.483 18.791 1.1 89 1 26 3 1988-03-26T02:30 Cruise:WOD05_UA000011
32.7500 42.167 18.078 1.1 86 1 14 5 1985-03-14T04:28 Cruise:WOD05_UA000002
32.7500 42.500 18.327 1.1 86 1 14 2 1985-03-14T01:22 Cruise:WOD05_UA000002
32.7500 42.833 18.359 1.1 86 1 13 23 1985-03-13T21:55 Cruise:WOD05_UA000002
32.7500 43.167 18.491 1.1 86 1 09 9 1985-03-09T08:22 Cruise:WOD05_UA000002
32.7500 43.332 18.84 1.1 89 1 21 16 1988-03-21T15:30 Cruise:WOD05_UA000011
32.7500 43.333 18.683 1.1 89 1 11 14 1988-03-11T13:00 Cruise:WOD05_UA000011
32.7500 43.500 18.4611 1.1 96 1 30 22 1995-03-30T21:30 Cruise:WOD05_UA000041
32.7500 43.500 18.59 1.1 89 1 09 13 1988-03-09T12:00 Cruise:WOD05_UA000011
32.7500 43.500 18.705 1.1 86 1 07 17 1985-03-07T15:46 Cruise:WOD05_UA000002
32.7500 43.500 18.87 1.1 89 1 21 8 1988-03-21T06:49 Cruise:WOD05_UA000011
32.7500 43.670 18.299 1.1 90 1 03 3 1989-03-03T02:04 Cruise:WOD05_UA000018
32.7500 43.832 18.47 1.1 89 1 20 18 1988-03-20T16:45 Cruise:WOD05_UA000011
32.7500 43.833 18.089 1.1 89 1 08 18 1988-03-08T17:30 Cruise:WOD05_UA000011
32.7500 43.833 18.4188 1.1 96 1 30 18 1995-03-30T17:01 Cruise:WOD05_UA000041
32.7500 43.833 18.473 1.1 86 1 07 14 1985-03-07T12:54 Cruise:WOD05_UA000002
32.7500 43.833 18.5095 1.1 96 1 30 18 1995-03-30T17:30 Cruise:WOD05_UA000041
32.7500 44.167 18.056 1.1 89 1 08 1 1988-03-08T00:30 Cruise:WOD05_UA000011
32.7500 44.167 18.139 1.1 86 1 07 10 1985-03-07T09:04 Cruise:WOD05_UA000002
32.7500 44.167 18.5072 1.1 96 1 30 15 1995-03-30T13:49 Cruise:WOD05_UA000041
32.7500 44.167 18.5095 1.1 96 1 30 16 1995-03-30T14:34 Cruise:WOD05_UA000041
32.7500 44.167 18.51 1.1 96 1 30 16 1995-03-30T15:28 Cruise:WOD05_UA000041
32.7500 44.183 18.192 1.1 89 1 14 11 1988-03-14T10:30 Cruise:WOD05_UA000011
32.7500 44.200 18.188 1.1 89 1 24 17 1988-03-24T16:30 Cruise:WOD05_UA000011
32.7500 44.517 18.18 1.1 96 1 30 14 1995-03-30T13:15 Cruise:WOD05_UA000041
32.7500 44.517 18.1854 1.1 96 1 30 12 1995-03-30T11:15 Cruise:WOD05_UA000041
32.7500 44.517 18.188 1.1 96 1 30 12 1995-03-30T11:30 Cruise:WOD05_UA000041
32.7500 44.667 17.9427 1.1 96 1 24 14 1995-03-24T12:49 Cruise:WOD05_UA000041
32.7500 44.667 17.9822 1.1 96 1 24 13 1995-03-24T11:55 Cruise:WOD05_UA000041
32.7500 44.667 18.1087 1.1 96 1 30 11 1995-03-30T09:45 Cruise:WOD05_UA000041
32.7500 44.667 18.1485 1.1 96 1 30 10 1995-03-30T09:25 Cruise:WOD05_UA000041
32.7500 44.667 18.15 1.1 96 1 30 12 1995-03-30T11:25 Cruise:WOD05_UA000041
32.7500 44.833 17.9445 1.1 96 1 24 12 1995-03-24T10:49 Cruise:WOD05_UA000041
32.7500 44.833 17.9754 1.1 96 1 24 11 1995-03-24T10:03 Cruise:WOD05_UA000041
32.7500 45.000 18.1387 1.1 96 1 24 10 1995-03-24T09:04 Cruise:WOD05_UA000041
32.7500 45.000 18.1543 1.1 96 1 24 9 1995-03-24T08:13 Cruise:WOD05_UA000041
32.7500 45.167 18.1891 1.1 96 1 24 8 1995-03-24T07:19 Cruise:WOD05_UA000041
32.7500 45.167 18.2216 1.1 96 1 24 8 1995-03-24T06:37 Cruise:WOD05_UA000041
32.7667 43.900 18.487 1.1 89 1 14 15 1988-03-14T14:30 Cruise:WOD05_UA000011
32.7667 44.183 18.327 1.1 89 1 26 16 1988-03-26T15:19 Cruise:WOD05_UA000011
32.7667 44.200 18.038 1.1 89 1 14 18 1988-03-14T17:30 Cruise:WOD05_UA000011
32.7667 44.350 18.071 1.1 89 1 24 15 1988-03-24T13:40 Cruise:WOD05_UA000011
32.7833 43.917 18.477 1.1 89 1 14 25 1988-03-14T23:40 Cruise:WOD05_UA000011
32.8830 44.150 18.12 1.1 93 1 28 17 1992-03-28T15:42 Cruise:WOD05_UA000032
32.8830 44.332 17.95 1.1 93 1 28 15 1992-03-28T14:24 Cruise:WOD05_UA000032
32.8833 44.483 17.938 1.1 93 1 28 12 1992-03-28T11:28 Cruise:WOD05_UA000032
32.8833 44.667 18.011 1.1 93 1 28 10 1992-03-28T09:28 Cruise:WOD05_UA000032
32.8833 45.000 18.001 1.1 93 1 24 2 1992-03-24T01:24 Cruise:WOD05_UA000032
32.9167 44.833 18.02 1.1 93 1 24 10 1992-03-24T08:52 Cruise:WOD05_UA000032
32.9667 44.667 18.068 1.1 93 1 24 11 1992-03-24T10:22 Cruise:WOD05_UA000032
32.9833 43.733 18.48 1.1 92 1 01 9 1991-03-01T07:49 Cruise:WOD05_SU019009
33.0000 43.500 18.274 1.1 93 1 30 14 1992-03-30T13:00 Cruise:WOD05_UA000087
33.0000 44.000 18.105 1.1 90 1 03 7 1989-03-03T06:15 Cruise:WOD05_UA000018
33.0333 44.183 18.111 1.1 86 1 07 7 1985-03-07T06:19 Cruise:WOD05_UA000002
33.0500 44.433 18.09 1.1 92 1 16 16 1991-03-16T15:15 Cruise:WOD05_SU019009
33.0833 43.250 18.35 1.1 92 1 16 8 1991-03-16T07:10 Cruise:WOD05_SU019009
33.0833 43.500 18.39 1.1 92 1 16 10 1991-03-16T08:49 Cruise:WOD05_SU019009
33.0833 43.667 18.37 1.1 92 1 21 16 1991-03-21T15:00 Cruise:WOD05_SU019009
33.0833 43.750 18.46 1.1 92 1 16 11 1991-03-16T10:25 Cruise:WOD05_SU019009
33.0833 44.000 18.12 1.1 92 1 16 13 1991-03-16T12:10 Cruise:WOD05_SU019009
33.0833 44.250 18.12 1.1 92 1 16 15 1991-03-16T13:49 Cruise:WOD05_SU019009
33.1333 44.433 18.001 1.1 93 1 24 13 1992-03-24T12:04 Cruise:WOD05_UA000032
33.2333 44.833 17.959 1.1 93 1 24 8 1992-03-24T06:52 Cruise:WOD05_UA000032
33.2333 45.000 18.004 1.1 93 1 24 5 1992-03-24T03:33 Cruise:WOD05_UA000032
33.2500 42.267 17.996 1.1 86 1 13 14 1985-03-13T13:24 Cruise:WOD05_UA000002
33.2500 42.500 18.292 1.1 86 1 13 17 1985-03-13T16:01 Cruise:WOD05_UA000002
33.2500 42.833 18.267 1.1 86 1 13 20 1985-03-13T19:10 Cruise:WOD05_UA000002
33.2500 43.167 18.294 1.1 86 1 09 13 1985-03-09T11:52 Cruise:WOD05_UA000002
33.2500 43.250 18.74 1.1 89 1 11 11 1988-03-11T09:40 Cruise:WOD05_UA000011
33.2500 43.250 18.8 1.1 89 1 21 11 1988-03-21T10:30 Cruise:WOD05_UA000011
33.2500 43.250 18.86 1.1 89 1 21 14 1988-03-21T12:46 Cruise:WOD05_UA000011
33.2500 43.500 18.3822 1.1 96 1 22 24 1995-03-22T23:30 Cruise:WOD05_UA000041
33.2500 43.500 18.3895 1.1 96 1 22 25 1995-03-22T23:40 Cruise:WOD05_UA000041
33.2500 43.500 18.585 1.1 89 1 25 22 1988-03-25T21:30 Cruise:WOD05_UA000011
33.2500 43.500 18.588 1.1 86 1 09 17 1985-03-09T15:40 Cruise:WOD05_UA000002
33.2500 43.500 18.733 1.1 89 1 09 17 1988-03-09T16:00 Cruise:WOD05_UA000011
33.2500 43.833 18.287 1.1 89 1 08 14 1988-03-08T13:30 Cruise:WOD05_UA000011
33.2500 43.833 18.3009 1.1 96 1 23 7 1995-03-23T06:30 Cruise:WOD05_UA000041
33.2500 43.833 18.3187 1.1 96 1 23 7 1995-03-23T05:46 Cruise:WOD05_UA000041
33.2500 43.833 18.365 1.1 89 1 25 6 1988-03-25T04:49 Cruise:WOD05_UA000011
33.2500 43.833 18.579 1.1 86 1 09 21 1985-03-09T19:52 Cruise:WOD05_UA000002
33.2500 44.000 17.6741 1.1 96 1 23 12 1995-03-23T10:40 Cruise:WOD05_UA000041
33.2500 44.000 17.6985 1.1 96 1 23 10 1995-03-23T09:24 Cruise:WOD05_UA000041
33.2500 44.167 18.052 1.1 89 1 08 5 1988-03-08T04:00 Cruise:WOD05_UA000011
33.2500 44.167 18.0907 1.1 96 1 23 14 1995-03-23T13:30 Cruise:WOD05_UA000041
33.2500 44.167 18.1002 1.1 96 1 23 14 1995-03-23T12:43 Cruise:WOD05_UA000041
33.2500 44.167 18.231 1.1 89 1 24 21 1988-03-24T19:40 Cruise:WOD05_UA000011
33.2500 44.333 18.1846 1.1 96 1 23 19 1995-03-23T17:58 Cruise:WOD05_UA000041
33.2500 44.333 18.1979 1.1 96 1 23 18 1995-03-23T17:13 Cruise:WOD05_UA000041
33.2500 44.500 17.9994 1.1 96 1 23 22 1995-03-23T20:45 Cruise:WOD05_UA000041
33.2500 44.500 18.0297 1.1 96 1 23 21 1995-03-23T19:55 Cruise:WOD05_UA000041
33.2500 44.667 18.1819 1.1 96 1 23 24 1995-03-23T23:25 Cruise:WOD05_UA000041
33.2500 44.667 18.1946 1.1 96 1 23 24 1995-03-23T22:39 Cruise:WOD05_UA000041
33.2500 44.833 18.1825 1.1 96 1 24 2 1995-03-24T01:25 Cruise:WOD05_UA000041
33.2500 44.833 18.2081 1.1 96 1 24 1 1995-03-24T00:28 Cruise:WOD05_UA000041
33.2500 45.083 18.1607 1.1 96 1 24 5 1995-03-24T04:25 Cruise:WOD05_UA000041
33.2500 45.083 18.2326 1.1 96 1 24 5 1995-03-24T03:36 Cruise:WOD05_UA000041
33.2670 43.817 18.75 1.1 89 1 15 11 1988-03-15T10:30 Cruise:WOD05_UA000011
33.4167 44.367 17.946 1.1 93 1 24 16 1992-03-24T15:22 Cruise:WOD05_UA000032
33.5000 43.680 18.381 1.1 90 1 03 13 1989-03-03T11:45 Cruise:WOD05_UA000018
33.5000 43.750 18.345 1.1 93 1 30 19 1992-03-30T18:10 Cruise:WOD05_UA000087
33.5000 43.950 18.22 1.1 92 1 16 21 1991-03-16T19:34 Cruise:WOD05_SU019009
33.5333 43.250 18.18 1.1 92 1 17 2 1991-03-17T01:00 Cruise:WOD05_SU019009
33.5333 43.500 18.19 1.1 92 1 16 24 1991-03-16T23:19 Cruise:WOD05_SU019009
33.5333 43.750 18.5 1.1 92 1 16 22 1991-03-16T21:21 Cruise:WOD05_SU019009
33.5333 44.150 18.19 1.1 92 1 16 19 1991-03-16T18:10 Cruise:WOD05_SU019009
33.6667 44.233 17.988 1.1 93 1 27 22 1992-03-27T20:58 Cruise:WOD05_UA000032
33.7333 44.350 17.841 1.1 93 1 27 20 1992-03-27T19:19 Cruise:WOD05_UA000032
33.7500 42.267 18.029 1.1 86 1 13 11 1985-03-13T10:25 Cruise:WOD05_UA000002
33.7500 42.500 18.24 1.1 86 1 13 9 1985-03-13T08:01 Cruise:WOD05_UA000002
33.7500 42.833 18.285 1.1 86 1 13 6 1985-03-13T04:42 Cruise:WOD05_UA000002
33.7500 43.167 18.338 1.1 86 1 12 5 1985-03-12T04:28 Cruise:WOD05_UA000002
33.7500 43.167 18.4013 1.1 96 1 26 4 1995-03-26T03:04 Cruise:WOD05_UA000041
33.7500 43.250 18.627 1.1 89 1 25 19 1988-03-25T18:00 Cruise:WOD05_UA000011
33.7500 43.250 18.678 1.1 89 1 11 7 1988-03-11T06:00 Cruise:WOD05_UA000011
33.7500 43.500 18.369 1.1 86 1 12 2 1985-03-12T00:54 Cruise:WOD05_UA000002
33.7500 43.500 18.425 1.1 96 1 22 19 1995-03-22T18:15 Cruise:WOD05_UA000041
33.7500 43.500 18.427 1.1 89 1 25 12 1988-03-25T11:00 Cruise:WOD05_UA000011
33.7500 43.500 18.4347 1.1 96 1 22 19 1995-03-22T17:51 Cruise:WOD05_UA000041
33.7500 43.500 18.661 1.1 89 1 09 24 1988-03-09T22:40 Cruise:WOD05_UA000011
33.7500 43.833 18.3189 1.1 96 1 22 16 1995-03-22T14:58 Cruise:WOD05_UA000041
33.7500 43.833 18.3281 1.1 96 1 22 15 1995-03-22T14:13 Cruise:WOD05_UA000041
33.7500 43.833 18.383 1.1 89 1 08 12 1988-03-08T11:00 Cruise:WOD05_UA000011
33.7500 43.833 18.456 1.1 86 1 09 24 1985-03-09T23:00 Cruise:WOD05_UA000002
33.7500 43.833 18.473 1.1 89 1 25 2 1988-03-25T01:30 Cruise:WOD05_UA000011
33.7500 44.000 18.2766 1.1 96 1 22 13 1995-03-22T12:30 Cruise:WOD05_UA000041
33.7500 44.000 18.2911 1.1 96 1 22 13 1995-03-22T11:49 Cruise:WOD05_UA000041
33.7500 44.133 18.0018 1.1 96 1 22 12 1995-03-22T10:40 Cruise:WOD05_UA000041
33.7500 44.133 18.0036 1.1 96 1 22 11 1995-03-22T09:37 Cruise:WOD05_UA000041
33.7500 44.167 18.135 1.1 89 1 08 9 1988-03-08T08:00 Cruise:WOD05_UA000011
33.7500 44.167 18.266 1.1 89 1 24 24 1988-03-24T23:15 Cruise:WOD05_UA000011
33.7500 44.167 18.328 1.1 86 1 10 4 1985-03-10T03:01 Cruise:WOD05_UA000002
33.7500 44.300 17.706 1.1 93 1 24 19 1992-03-24T18:07 Cruise:WOD05_UA000032
33.7500 44.300 17.8832 1.1 96 1 22 10 1995-03-22T08:40 Cruise:WOD05_UA000041
33.7500 44.300 17.9298 1.1 96 1 22 9 1995-03-22T08:07 Cruise:WOD05_UA000041
33.7500 44.400 17.991 1.1 96 1 25 11 1995-03-25T10:00 Cruise:WOD05_UA000041
33.8017 43.185 18.4046 1.1 96 1 26 5 1995-03-26T03:43 Cruise:WOD05_UA000041
33.8300 44.000 18.268 1.1 90 1 03 16 1989-03-03T15:15 Cruise:WOD05_UA000018
33.9670 44.167 18.06 1.1 93 1 24 24 1992-03-24T23:22 Cruise:WOD05_UA000032
34.0000 43.250 18.11 1.1 92 1 17 4 1991-03-17T03:15 Cruise:WOD05_SU019009
34.0000 43.500 18.36 1.1 93 1 30 5 1992-03-30T04:30 Cruise:WOD05_UA000087
34.0000 43.750 18.62 1.1 92 1 17 8 1991-03-17T06:57 Cruise:WOD05_SU019009
34.0000 43.950 18.28 1.1 92 1 17 9 1991-03-17T08:30 Cruise:WOD05_SU019009
34.0000 44.133 18.07 1.1 92 1 17 12 1991-03-17T11:00 Cruise:WOD05_SU019009
34.0000 44.150 18.0762 1.1 92 1 17 11 1991-03-17T10:04 Cruise:WOD05_SU019009
34.0333 43.267 18.044 1.1 92 1 18 9 1991-03-18T07:49 Cruise:WOD05_SU019009
34.0333 43.517 17.98 1.1 92 1 17 6 1991-03-17T05:07 Cruise:WOD05_SU019009
34.0830 44.150 18.12 1.1 93 1 25 2 1992-03-25T00:57 Cruise:WOD05_UA000032
34.0833 43.850 18.201 1.1 93 1 25 5 1992-03-25T04:06 Cruise:WOD05_UA000032
34.0833 44.000 18.135 1.1 93 1 25 3 1992-03-25T02:19 Cruise:WOD05_UA000032
34.0833 44.150 18.105 1.1 93 1 24 25 1992-03-24T23:58 Cruise:WOD05_UA000032
34.1000 44.217 18.092 1.1 93 1 24 23 1992-03-24T22:19 Cruise:WOD05_UA000032
34.1000 44.283 18.048 1.1 93 1 24 22 1992-03-24T21:10 Cruise:WOD05_UA000032
34.2500 42.500 18.265 1.1 86 1 12 24 1985-03-12T22:34 Cruise:WOD05_UA000002
34.2500 42.833 18.243 1.1 86 1 13 3 1985-03-13T01:55 Cruise:WOD05_UA000002
34.2500 43.167 18.336 1.1 86 1 12 9 1985-03-12T07:55 Cruise:WOD05_UA000002
34.2500 43.167 18.3797 1.1 96 1 21 6 1995-03-21T05:10 Cruise:WOD05_UA000041
34.2500 43.167 18.3874 1.1 96 1 21 5 1995-03-21T04:28 Cruise:WOD05_UA000041
34.2500 43.250 18.661 1.1 89 1 25 16 1988-03-25T14:40 Cruise:WOD05_UA000011
34.2500 43.250 18.684 1.1 89 1 11 4 1988-03-11T03:00 Cruise:WOD05_UA000011
34.2500 43.333 18.3976 1.1 96 1 21 9 1995-03-21T07:49 Cruise:WOD05_UA000041
34.2500 43.500 18.314 1.1 86 1 11 23 1985-03-11T22:01 Cruise:WOD05_UA000002
34.2500 43.500 18.5428 1.1 96 1 21 12 1995-03-21T10:34 Cruise:WOD05_UA000041
34.2500 43.500 18.5435 1.1 96 1 21 12 1995-03-21T10:52 Cruise:WOD05_UA000041
34.2500 43.500 18.65 1.1 89 1 10 4 1988-03-10T03:30 Cruise:WOD05_UA000011
34.2500 43.500 18.69 1.1 89 1 19 9 1988-03-19T08:30 Cruise:WOD05_UA000011
34.2500 43.667 18.4804 1.1 96 1 21 15 1995-03-21T13:40 Cruise:WOD05_UA000041
34.2500 43.832 18.29 1.1 89 1 19 7 1988-03-19T06:30 Cruise:WOD05_UA000011
34.2500 43.833 18.3908 1.1 96 1 21 18 1995-03-21T17:09 Cruise:WOD05_UA000041
34.2500 43.833 18.412 1.1 86 1 10 15 1985-03-10T14:24 Cruise:WOD05_UA000002
34.2500 43.833 18.571 1.1 89 1 10 6 1988-03-10T05:00 Cruise:WOD05_UA000011
34.2500 44.000 17.7364 1.1 96 1 21 21 1995-03-21T19:49 Cruise:WOD05_UA000041
34.2500 44.167 17.4719 1.1 96 1 21 25 1995-03-21T23:40 Cruise:WOD05_UA000041
34.2500 44.167 17.4938 1.1 96 1 21 24 1995-03-21T23:25 Cruise:WOD05_UA000041
34.2500 44.167 18.205 1.1 86 1 10 12 1985-03-10T11:16 Cruise:WOD05_UA000002
34.2500 44.167 18.238 1.1 89 1 10 12 1988-03-10T11:00 Cruise:WOD05_UA000011
34.2500 44.167 18.24 1.1 89 1 18 22 1988-03-18T21:30 Cruise:WOD05_UA000011
34.2500 44.283 17.6741 1.1 96 1 22 3 1995-03-22T02:12 Cruise:WOD05_UA000041
34.2500 44.417 18.18 1.1 86 1 10 10 1985-03-10T08:58 Cruise:WOD05_UA000002
34.2500 44.450 18.1754 1.1 96 1 22 6 1995-03-22T04:58 Cruise:WOD05_UA000041
34.2500 44.450 18.2182 1.1 96 1 22 5 1995-03-22T03:58 Cruise:WOD05_UA000041
34.2667 44.483 17.518 1.1 93 1 27 17 1992-03-27T16:10 Cruise:WOD05_UA000032
34.4333 43.850 18.453 1.1 93 1 25 9 1992-03-25T07:34 Cruise:WOD05_UA000032
34.4333 44.000 18.201 1.1 93 1 25 10 1992-03-25T09:22 Cruise:WOD05_UA000032
34.4333 44.167 18.141 1.1 93 1 25 18 1992-03-25T17:01 Cruise:WOD05_UA000032
34.4333 44.317 18.035 1.1 93 1 25 20 1992-03-25T19:30 Cruise:WOD05_UA000032
34.4333 44.467 17.961 1.1 93 1 25 22 1992-03-25T21:10 Cruise:WOD05_UA000032
34.4333 44.583 17.697 1.1 93 1 25 24 1992-03-25T22:40 Cruise:WOD05_UA000032
34.4333 44.600 17.51 1.1 93 1 25 25 1992-03-25T23:42 Cruise:WOD05_UA000032
34.4667 43.250 18.09 1.1 92 1 17 24 1991-03-17T22:55 Cruise:WOD05_SU019009
34.4667 43.483 18.37 1.1 92 1 05 6 1991-03-05T04:34 Cruise:WOD05_SU019009
34.4667 43.500 18.15 1.1 92 1 17 22 1991-03-17T21:16 Cruise:WOD05_SU019009
34.4667 43.750 18.53 1.1 92 1 17 21 1991-03-17T19:34 Cruise:WOD05_SU019009
34.4667 44.000 18.34 1.1 92 1 17 19 1991-03-17T17:55 Cruise:WOD05_SU019009
34.4667 44.250 18.06 1.1 92 1 17 17 1991-03-17T16:21 Cruise:WOD05_SU019009
34.4667 44.417 18.05 1.1 92 1 17 16 1991-03-17T14:49 Cruise:WOD05_SU019009
34.5000 42.250 18.129 1.1 86 1 12 21 1985-03-12T20:03 Cruise:WOD05_UA000002
34.6000 44.600 17.796 1.1 93 1 27 14 1992-03-27T13:07 Cruise:WOD05_UA000032
34.6167 44.683 17.757 1.1 93 1 26 2 1992-03-26T01:18 Cruise:WOD05_UA000032
34.7500 42.500 18.177 1.1 86 1 12 18 1985-03-12T16:49 Cruise:WOD05_UA000002
34.7500 42.833 18.272 1.1 86 1 12 15 1985-03-12T14:25 Cruise:WOD05_UA000002
34.7500 43.167 18.313 1.1 86 1 12 12 1985-03-12T11:03 Cruise:WOD05_UA000002
34.7500 43.332 18.68 1.1 89 1 19 14 1988-03-19T12:40 Cruise:WOD05_UA000011
34.7500 43.333 18.562 1.1 89 1 11 1 1988-03-11T00:30 Cruise:WOD05_UA000011
34.7500 43.500 18.3 1.1 86 1 11 20 1985-03-11T19:03 Cruise:WOD05_UA000002
34.7500 43.500 18.3837 1.1 96 1 20 24 1995-03-20T23:04 Cruise:WOD05_UA000041
34.7500 43.500 18.4018 1.1 96 1 20 24 1995-03-20T23:28 Cruise:WOD05_UA000041
34.7500 43.500 18.605 1.1 89 1 10 23 1988-03-10T22:00 Cruise:WOD05_UA000011
34.7500 43.500 18.67 1.1 89 1 19 12 1988-03-19T10:49 Cruise:WOD05_UA000011
34.7500 43.832 18.64 1.1 89 1 19 5 1988-03-19T04:00 Cruise:WOD05_UA000011
34.7500 43.833 18.476 1.1 86 1 10 21 1985-03-10T20:00 Cruise:WOD05_UA000002
34.7500 43.833 18.4778 1.1 96 1 20 21 1995-03-20T19:49 Cruise:WOD05_UA000041
34.7500 43.833 18.479 1.1 89 1 10 20 1988-03-10T19:00 Cruise:WOD05_UA000011
34.7500 43.833 18.4808 1.1 96 1 20 19 1995-03-20T18:19 Cruise:WOD05_UA000041
34.7500 44.000 18.477 1.1 93 1 26 14 1992-03-26T13:13 Cruise:WOD05_UA000032
34.7500 44.167 18.3002 1.1 96 1 20 17 1995-03-20T16:30 Cruise:WOD05_UA000041
34.7500 44.167 18.3183 1.1 96 1 20 16 1995-03-20T14:45 Cruise:WOD05_UA000041
34.7500 44.167 18.422 1.1 86 1 10 24 1985-03-10T23:15 Cruise:WOD05_UA000002
34.7500 44.167 18.46 1.1 89 1 19 1 1988-03-19T00:30 Cruise:WOD05_UA000011
34.7500 44.500 17.851 1.1 89 1 10 16 1988-03-10T15:30 Cruise:WOD05_UA000011
34.7500 44.500 18.13 1.1 89 1 18 19 1988-03-18T18:30 Cruise:WOD05_UA000011
34.7500 44.500 18.184 1.1 86 1 11 4 1985-03-11T02:54 Cruise:WOD05_UA000002
34.7500 44.500 18.5262 1.1 96 1 20 13 1995-03-20T12:18 Cruise:WOD05_UA000041
34.7500 44.500 18.53 1.1 96 1 20 12 1995-03-20T11:18 Cruise:WOD05_UA000041
34.7500 44.700 17.3697 1.1 96 1 20 12 1995-03-20T10:40 Cruise:WOD05_UA000041
34.7500 44.733 17.3685 1.1 96 1 20 10 1995-03-20T09:28 Cruise:WOD05_UA000041
34.7667 44.317 18.135 1.1 93 1 26 10 1992-03-26T09:19 Cruise:WOD05_UA000032
34.7833 43.833 18.445 1.1 93 1 26 17 1992-03-26T16:10 Cruise:WOD05_UA000032
34.7833 44.150 18.165 1.1 93 1 26 13 1992-03-26T11:36 Cruise:WOD05_UA000032
34.7833 44.500 18.076 1.1 93 1 26 8 1992-03-26T06:51 Cruise:WOD05_UA000032
34.7833 44.617 17.955 1.1 93 1 26 6 1992-03-26T05:22 Cruise:WOD05_UA000032
34.7833 44.667 17.944 1.1 93 1 27 9 1992-03-27T08:22 Cruise:WOD05_UA000032
34.7833 44.700 17.557 1.1 93 1 26 5 1992-03-26T04:19 Cruise:WOD05_UA000032
34.8333 43.750 18.84 1.1 92 1 05 8 1991-03-05T07:10 Cruise:WOD05_SU019009
34.9167 43.333 18.025 1.1 92 1 24 17 1991-03-24T15:55 Cruise:WOD05_SU019009
34.9167 43.500 18.23 1.1 92 1 24 18 1991-03-24T17:16 Cruise:WOD05_SU019009
34.9167 43.750 18.46 1.1 92 1 24 20 1991-03-24T18:55 Cruise:WOD05_SU019009
34.9167 44.000 18.62 1.1 92 1 24 22 1991-03-24T20:31 Cruise:WOD05_SU019009
34.9167 44.250 18.42 1.1 92 1 24 23 1991-03-24T22:10 Cruise:WOD05_SU019009
34.9333 44.750 17.92 1.1 93 1 27 6 1992-03-27T04:57 Cruise:WOD05_UA000032
34.9500 44.667 17.922 1.1 93 1 27 8 1992-03-27T07:16 Cruise:WOD05_UA000032
34.9500 44.700 17.876 1.1 93 1 27 7 1992-03-27T05:58 Cruise:WOD05_UA000032
35.0000 43.500 18.49 1.1 93 1 29 21 1992-03-29T20:10 Cruise:WOD05_UA000087
35.0000 44.000 18.31 1.1 93 1 29 16 1992-03-29T15:25 Cruise:WOD05_UA000087
35.0000 44.500 18.063 1.1 93 1 28 25 1992-03-28T23:45 Cruise:WOD05_UA000087
35.1333 44.000 18.391 1.1 93 1 26 19 1992-03-26T18:25 Cruise:WOD05_UA000032
35.1333 44.167 18.316 1.1 93 1 26 22 1992-03-26T20:45 Cruise:WOD05_UA000032
35.1333 44.333 18.163 1.1 93 1 26 23 1992-03-26T22:22 Cruise:WOD05_UA000032
35.1333 44.500 18.064 1.1 93 1 27 2 1992-03-27T00:43 Cruise:WOD05_UA000032
35.1333 44.667 17.876 1.1 93 1 27 3 1992-03-27T02:19 Cruise:WOD05_UA000032
35.1333 44.717 17.876 1.1 93 1 27 5 1992-03-27T03:52 Cruise:WOD05_UA000032
35.1333 44.750 17.911 1.1 93 1 27 5 1992-03-27T04:04 Cruise:WOD05_UA000032
35.1833 43.983 18.9 1.1 92 1 05 13 1991-03-05T11:49 Cruise:WOD05_SU019009
35.2500 43.500 18.303 1.1 86 1 11 17 1985-03-11T15:42 Cruise:WOD05_UA000002
35.2500 43.500 18.4061 1.1 96 1 19 19 1995-03-19T18:28 Cruise:WOD05_UA000041
35.2500 43.500 18.4064 1.1 96 1 19 19 1995-03-19T17:49 Cruise:WOD05_UA000041
35.2500 43.833 18.451 1.1 86 1 11 14 1985-03-11T13:15 Cruise:WOD05_UA000002
35.2500 43.833 18.7095 1.1 96 1 19 24 1995-03-19T22:45 Cruise:WOD05_UA000041
35.2500 43.833 18.7178 1.1 96 1 19 22 1995-03-19T21:28 Cruise:WOD05_UA000041
35.2500 44.167 18.323 1.1 86 1 11 12 1985-03-11T10:34 Cruise:WOD05_UA000002
35.2500 44.167 18.604 1.1 96 1 20 3 1995-03-20T02:10 Cruise:WOD05_UA000041
35.2500 44.167 18.6135 1.1 96 1 20 2 1995-03-20T00:40 Cruise:WOD05_UA000041
35.2500 44.500 18.155 1.1 86 1 11 8 1985-03-11T07:22 Cruise:WOD05_UA000002
35.2500 44.500 18.4388 1.1 96 1 20 5 1995-03-20T03:58 Cruise:WOD05_UA000041
35.2500 44.500 18.4666 1.1 96 1 20 6 1995-03-20T05:15 Cruise:WOD05_UA000041
35.2500 44.733 18.381 1.1 96 1 20 8 1995-03-20T07:30 Cruise:WOD05_UA000041
35.2500 44.733 18.3918 1.1 96 1 20 8 1995-03-20T06:34 Cruise:WOD05_UA000041
35.3667 43.417 18.27 1.1 92 1 26 3 1991-03-26T01:55 Cruise:WOD05_SU019009
35.3667 43.500 18.69 1.1 92 1 25 9 1991-03-25T08:04 Cruise:WOD05_SU019009
35.3667 43.583 18.1 1.1 92 1 26 2 1991-03-26T00:40 Cruise:WOD05_SU019009
35.3667 43.750 18.33 1.1 92 1 25 5 1991-03-25T04:25 Cruise:WOD05_SU019009
35.3667 44.250 18.44 1.1 92 1 25 1 1991-03-25T00:19 Cruise:WOD05_SU019009
35.6500 44.000 18.75 1.1 92 1 05 15 1991-03-05T14:10 Cruise:WOD05_SU019009
35.6667 44.000 18.74 1.1 92 1 12 4 1991-03-12T02:40 Cruise:WOD05_SU019009
35.7500 43.500 18.4336 1.1 96 1 19 12 1995-03-19T11:30 Cruise:WOD05_UA000041
35.7500 43.500 18.4574 1.1 96 1 19 13 1995-03-19T12:25 Cruise:WOD05_UA000041
35.7500 43.650 18.56 1.1 78 1 27 20 1977-03-27T18:45 Cruise:WOD05_UA000048
35.7500 43.833 18.6446 1.1 96 1 19 10 1995-03-19T08:46 Cruise:WOD05_UA000041
35.7500 43.833 18.6552 1.1 96 1 19 8 1995-03-19T07:22 Cruise:WOD05_UA000041
35.7500 44.167 18.657 1.1 96 1 19 6 1995-03-19T05:19 Cruise:WOD05_UA000041
35.7500 44.167 18.6647 1.1 96 1 19 5 1995-03-19T03:55 Cruise:WOD05_UA000041
35.7500 44.500 18.5655 1.1 96 1 19 3 1995-03-19T02:00 Cruise:WOD05_UA000041
35.7500 44.500 18.5725 1.1 96 1 19 1 1995-03-19T00:24 Cruise:WOD05_UA000041
35.7500 44.833 18.3073 1.1 96 1 18 23 1995-03-18T22:30 Cruise:WOD05_UA000041
35.7500 44.833 18.3568 1.1 96 1 18 22 1995-03-18T21:30 Cruise:WOD05_UA000041
35.8333 43.450 18.28 1.1 92 1 26 5 1991-03-26T03:58 Cruise:WOD05_SU019009
35.8333 43.750 18.62 1.1 92 1 26 8 1991-03-26T06:31 Cruise:WOD05_SU019009
35.8333 43.917 18.63 1.1 92 1 26 9 1991-03-26T07:45 Cruise:WOD05_SU019009
35.8333 44.083 18.54 1.1 92 1 26 10 1991-03-26T09:04 Cruise:WOD05_SU019009
35.8333 44.250 18.31 1.1 92 1 26 11 1991-03-26T10:19 Cruise:WOD05_SU019009
35.8500 43.600 18.35 1.1 92 1 26 6 1991-03-26T05:25 Cruise:WOD05_SU019009
35.9330 43.567 18.46 1.1 93 1 18 12 1992-03-18T11:30 Cruise:WOD05_UA000087
36.0000 43.500 18.52 1.1 93 1 27 23 1992-03-27T21:45 Cruise:WOD05_UA000087
36.0000 44.000 18.17 1.1 93 1 28 6 1992-03-28T04:34 Cruise:WOD05_UA000087
36.0000 44.500 18.075 1.1 93 1 28 13 1992-03-28T12:15 Cruise:WOD05_UA000087
36.2500 43.483 18.6759 1.1 96 1 18 4 1995-03-18T03:10 Cruise:WOD05_UA000041
36.2500 43.500 18.6314 1.1 96 1 18 1 1995-03-18T00:30 Cruise:WOD05_UA000041
36.2500 43.833 18.5786 1.1 96 1 18 11 1995-03-18T10:00 Cruise:WOD05_UA000041
36.2500 43.833 18.5892 1.1 96 1 18 10 1995-03-18T08:33 Cruise:WOD05_UA000041
36.2500 44.167 18.5736 1.1 96 1 18 13 1995-03-18T12:13 Cruise:WOD05_UA000041
36.2500 44.167 18.5794 1.1 96 1 18 15 1995-03-18T13:34 Cruise:WOD05_UA000041
36.2500 44.483 18.3153 1.1 96 1 18 18 1995-03-18T16:40 Cruise:WOD05_UA000041
36.2500 44.500 18.3266 1.1 96 1 18 17 1995-03-18T15:31 Cruise:WOD05_UA000041
36.2500 44.833 18.347 1.1 96 1 18 20 1995-03-18T19:19 Cruise:WOD05_UA000041
36.2500 44.833 18.3505 1.1 96 1 18 19 1995-03-18T18:25 Cruise:WOD05_UA000041
36.2667 43.633 18.44 1.1 92 1 26 24 1991-03-26T23:30 Cruise:WOD05_SU019009
36.2833 43.417 18.35 1.1 92 1 27 2 1991-03-27T01:00 Cruise:WOD05_SU019009
36.2833 43.750 18.62 1.1 92 1 26 23 1991-03-26T22:04 Cruise:WOD05_SU019009
36.2833 44.050 18.42 1.1 92 1 26 21 1991-03-26T20:25 Cruise:WOD05_SU019009
36.2833 44.250 18.31 1.1 92 1 26 13 1991-03-26T12:25 Cruise:WOD05_SU019009
36.5000 43.500 18.315 1.1 93 1 26 2 1992-03-26T01:00 Cruise:WOD05_UA000087
36.5000 44.000 18.19 1.1 93 1 27 17 1992-03-27T16:10 Cruise:WOD05_UA000087
36.5000 44.500 18.1 1.1 93 1 27 13 1992-03-27T11:55 Cruise:WOD05_UA000087
36.5467 45.063 17.9723 1.1 96 1 21 25 1995-03-21T23:48 Cruise:WOD05_SU019022
36.5500 45.163 17.7138 1.1 96 1 21 23 1995-03-21T22:25 Cruise:WOD05_SU019022
36.6367 43.318 17.696 1.1 91 1 29 1 1990-03-29T00:00 Cruise:WOD05_SU019006
36.6667 44.233 18.01 1.1 92 1 26 18 1991-03-26T16:51 Cruise:WOD05_SU019009
36.6783 44.837 18.2225 1.1 96 1 22 4 1995-03-22T02:51 Cruise:WOD05_SU019022
36.7333 43.250 18.5 1.1 92 1 27 4 1991-03-27T03:15 Cruise:WOD05_SU019009
36.7333 43.500 18.54 1.1 92 1 27 6 1991-03-27T05:07 Cruise:WOD05_SU019009
36.7333 43.750 18.55 1.1 92 1 27 8 1991-03-27T06:45 Cruise:WOD05_SU019009
36.7333 44.000 18.37 1.1 92 1 26 19 1991-03-26T18:30 Cruise:WOD05_SU019009
36.7483 44.173 18.493 1.1 96 1 20 11 1995-03-20T09:46 Cruise:WOD05_SU019022
36.7483 44.497 18.3616 1.1 96 1 20 15 1995-03-20T13:36 Cruise:WOD05_SU019022
36.7483 44.640 18.3447 1.1 96 1 20 24 1995-03-20T23:22 Cruise:WOD05_SU019022
36.7500 43.167 18.5211 1.1 96 1 19 12 1995-03-19T11:09 Cruise:WOD05_SU019022
36.7500 43.500 18.5314 1.1 96 1 19 22 1995-03-19T20:49 Cruise:WOD05_SU019022
36.7500 43.832 18.5365 1.1 96 1 20 2 1995-03-20T00:48 Cruise:WOD05_SU019022
36.8367 43.252 17.692 1.1 91 1 28 23 1990-03-28T21:31 Cruise:WOD05_SU019006
36.8700 43.652 17.682 1.1 91 1 29 4 1990-03-29T03:19 Cruise:WOD05_SU019006
36.9267 43.367 18.5076 1.1 96 1 19 9 1995-03-19T08:10 Cruise:WOD05_SU019022
36.9333 44.835 18.1721 1.1 96 1 22 5 1995-03-22T04:22 Cruise:WOD05_SU019022
37.0000 43.167 18.42 1.1 93 1 25 21 1992-03-25T20:19 Cruise:WOD05_UA000087
37.0000 43.232 18.52 1.1 78 1 27 14 1977-03-27T13:25 Cruise:WOD05_UA000048
37.0000 43.500 18.24 1.1 93 1 26 6 1992-03-26T05:15 Cruise:WOD05_UA000087
37.0000 43.500 18.56 1.1 92 1 11 9 1991-03-11T07:49 Cruise:WOD05_SU019009
37.0000 44.000 18.24 1.1 93 1 26 15 1992-03-26T14:30 Cruise:WOD05_UA000087
37.0000 44.500 18.067 1.1 93 1 26 19 1992-03-26T17:45 Cruise:WOD05_UA000087
37.0000 44.850 17.783 1.1 93 1 26 23 1992-03-26T21:49 Cruise:WOD05_UA000087
37.0183 44.767 18.1503 1.1 96 1 22 7 1995-03-22T05:33 Cruise:WOD05_SU019022
37.0367 43.168 17.684 1.1 91 1 28 21 1990-03-28T19:40 Cruise:WOD05_SU019006
37.0533 43.968 17.712 1.1 91 1 29 8 1990-03-29T07:19 Cruise:WOD05_SU019006
37.0850 43.550 18.5391 1.1 96 1 19 6 1995-03-19T05:25 Cruise:WOD05_SU019022
37.1833 44.250 18.1 1.1 92 1 27 11 1991-03-27T09:49 Cruise:WOD05_SU019009
37.2000 43.033 18.29 1.1 92 1 27 19 1991-03-27T18:30 Cruise:WOD05_SU019009
37.2000 43.250 18.38 1.1 92 1 27 18 1991-03-27T16:55 Cruise:WOD05_SU019009
37.2000 43.500 18.34 1.1 92 1 27 16 1991-03-27T15:00 Cruise:WOD05_SU019009
37.2000 43.750 18.27 1.1 92 1 27 14 1991-03-27T13:15 Cruise:WOD05_SU019009
37.2000 44.000 18.32 1.1 92 1 27 12 1991-03-27T11:30 Cruise:WOD05_SU019009
37.2350 43.708 18.5025 1.1 96 1 19 4 1995-03-19T03:01 Cruise:WOD05_SU019022
37.2417 43.833 18.4934 1.1 96 1 23 2 1995-03-23T00:45 Cruise:WOD05_SU019022
37.2433 44.668 18.2937 1.1 96 1 22 22 1995-03-22T20:31 Cruise:WOD05_SU019022
37.2433 44.833 18.1555 1.1 96 1 22 9 1995-03-22T07:58 Cruise:WOD05_SU019022
37.2467 44.675 18.2713 1.1 96 1 22 11 1995-03-22T10:00 Cruise:WOD05_SU019022
37.2500 43.167 18.4331 1.1 96 1 27 11 1995-03-27T10:24 Cruise:WOD05_SU019022
37.2500 43.500 18.3638 1.1 96 1 24 7 1995-03-24T05:36 Cruise:WOD05_SU019022
37.2500 43.833 18.4758 1.1 96 1 24 2 1995-03-24T01:12 Cruise:WOD05_SU019022
37.2500 44.500 18.3093 1.1 96 1 22 17 1995-03-22T15:58 Cruise:WOD05_SU019022
37.2533 43.502 17.582 1.1 91 1 28 16 1990-03-28T15:00 Cruise:WOD05_SU019006
37.2533 44.268 17.656 1.1 91 1 29 11 1990-03-29T10:04 Cruise:WOD05_SU019006
37.3367 44.368 17.176 1.1 91 1 29 15 1990-03-29T13:49 Cruise:WOD05_SU019006
37.3583 43.857 18.4248 1.1 96 1 19 2 1995-03-19T00:51 Cruise:WOD05_SU019022
37.4000 44.680 18.1898 1.1 96 1 22 13 1995-03-22T11:57 Cruise:WOD05_SU019022
37.4033 43.852 17.722 1.1 91 1 28 13 1990-03-28T11:40 Cruise:WOD05_SU019006
37.4200 44.452 17.1608 1.1 91 1 29 16 1990-03-29T15:04 Cruise:WOD05_SU019006
37.4650 44.610 18.1913 1.1 96 1 22 14 1995-03-22T13:03 Cruise:WOD05_SU019022
37.4700 44.535 17.053 1.1 91 1 29 19 1990-03-29T18:22 Cruise:WOD05_SU019006
37.4867 44.602 17.136 1.1 91 1 29 24 1990-03-29T22:49 Cruise:WOD05_SU019006
37.4933 44.010 18.3644 1.1 96 1 18 24 1995-03-18T22:31 Cruise:WOD05_SU019022
37.5700 44.000 17.76 1.1 91 1 28 10 1990-03-28T08:45 Cruise:WOD05_SU019006
37.6000 44.233 18.1343 1.1 97 1 21 16 1996-03-21T14:55 Cruise:WOD05_SU019025
37.6267 44.158 18.3036 1.1 96 1 18 21 1995-03-18T20:19 Cruise:WOD05_SU019022
37.6700 44.168 17.676 1.1 91 1 28 8 1990-03-28T06:55 Cruise:WOD05_SU019006
37.7000 44.500 17.782 1.1 93 1 23 23 1992-03-23T22:30 Cruise:WOD05_UA000087
37.7483 43.165 18.4444 1.1 96 1 27 22 1995-03-27T21:28 Cruise:WOD05_SU019022
37.7483 43.498 18.3641 1.1 96 1 27 2 1995-03-27T01:24 Cruise:WOD05_SU019022
37.7500 42.833 18.3478 1.1 96 1 27 17 1995-03-27T16:16 Cruise:WOD05_SU019022
37.7583 44.308 18.3276 1.1 96 1 18 19 1995-03-18T18:13 Cruise:WOD05_SU019022
37.7700 44.302 17.2004 1.1 91 1 28 1 1990-03-28T00:25 Cruise:WOD05_SU019006
37.8150 44.390 18.2435 1.1 96 1 18 18 1995-03-18T16:51 Cruise:WOD05_SU019022
37.8200 44.368 17.1916 1.1 91 1 27 23 1990-03-27T22:25 Cruise:WOD05_SU019006
37.8700 44.452 17.2224 1.1 91 1 27 22 1990-03-27T21:22 Cruise:WOD05_SU019006
37.8750 44.445 18.1154 1.1 96 1 18 17 1995-03-18T15:31 Cruise:WOD05_SU019022
37.9200 44.535 17.324 1.1 91 1 27 20 1990-03-27T19:21 Cruise:WOD05_SU019006
37.9267 44.513 18.1854 1.1 96 1 18 14 1995-03-18T13:27 Cruise:WOD05_SU019022
37.9517 44.533 18.1108 1.1 96 1 18 14 1995-03-18T12:36 Cruise:WOD05_SU019022
37.9600 44.548 17.8433 1.1 96 1 31 11 1995-03-31T09:34 Cruise:WOD05_SU019022
38.0000 42.667 18.41 1.1 93 1 25 5 1992-03-25T03:45 Cruise:WOD05_UA000087
38.0000 43.000 18.382 1.1 93 1 25 1 1992-03-25T00:10 Cruise:WOD05_UA000087
38.0000 43.000 18.42 1.1 93 1 25 12 1992-03-25T11:15 Cruise:WOD05_UA000087
38.0000 43.500 18.14 1.1 93 1 25 16 1992-03-25T15:15 Cruise:WOD05_UA000087
38.0000 43.500 18.16 1.1 93 1 24 20 1992-03-24T18:49 Cruise:WOD05_UA000087
38.0000 44.000 18.155 1.1 93 1 24 15 1992-03-24T13:49 Cruise:WOD05_UA000087
38.0000 44.000 18.24 1.1 93 1 23 19 1992-03-23T17:49 Cruise:WOD05_UA000087
38.0000 44.282 17.92 1.1 93 1 24 5 1992-03-24T04:15 Cruise:WOD05_UA000087
38.0167 44.342 18.1395 1.1 97 1 28 18 1996-03-28T17:22 Cruise:WOD05_SU019025
38.0167 44.447 18.0568 1.1 97 1 21 23 1996-03-21T22:00 Cruise:WOD05_SU019025
38.0667 44.517 18.0072 1.1 97 1 22 11 1996-03-22T09:49 Cruise:WOD05_SU019025
38.1367 44.402 18.001 1.1 97 1 28 17 1996-03-28T16:03 Cruise:WOD05_SU019025
38.1850 44.402 17.9905 1.1 97 1 28 16 1996-03-28T15:30 Cruise:WOD05_SU019025
38.2500 44.317 18.0204 1.1 97 1 22 15 1996-03-22T14:28 Cruise:WOD05_SU019025
38.3330 42.932 18.48 1.1 78 1 27 9 1977-03-27T08:30 Cruise:WOD05_UA000048
38.4917 44.348 17.9121 1.1 97 1 22 18 1996-03-22T17:25 Cruise:WOD05_SU019025
38.5000 44.117 17.98 1.1 93 1 23 14 1992-03-23T13:00 Cruise:WOD05_UA000087
38.5550 44.160 18.007 1.1 97 1 28 11 1996-03-28T10:03 Cruise:WOD05_SU019025
38.5917 44.228 17.997 1.1 97 1 28 13 1996-03-28T12:01 Cruise:WOD05_SU019025
38.6167 44.283 17.9347 1.1 97 1 23 5 1996-03-23T04:30 Cruise:WOD05_SU019025
38.6867 44.298 17.8352 1.1 97 1 23 7 1996-03-23T05:43 Cruise:WOD05_SU019025
38.7483 44.165 18.0385 1.1 97 1 23 9 1996-03-23T08:25 Cruise:WOD05_SU019025
38.7670 42.717 18.38 1.1 93 1 18 24 1992-03-18T23:30 Cruise:WOD05_UA000087
38.8017 44.248 17.866 1.1 97 1 23 8 1996-03-23T07:01 Cruise:WOD05_SU019025
38.8900 43.975 17.9762 1.1 97 1 28 7 1996-03-28T06:13 Cruise:WOD05_SU019025
38.9667 44.017 17.9553 1.1 97 1 28 6 1996-03-28T05:01 Cruise:WOD05_SU019025
39.0000 42.500 18.23 1.1 93 1 22 8 1992-03-22T06:49 Cruise:WOD05_UA000087
39.0000 43.000 18.12 1.1 93 1 22 16 1992-03-22T14:45 Cruise:WOD05_UA000087
39.0000 43.500 18.1 1.1 93 1 22 20 1992-03-22T19:30 Cruise:WOD05_UA000087
39.0000 43.850 17.995 1.1 93 1 23 5 1992-03-23T03:40 Cruise:WOD05_UA000087
39.0333 44.033 18.0276 1.1 97 1 23 14 1996-03-23T12:43 Cruise:WOD05_SU019025
39.0500 44.083 17.8705 1.1 97 1 23 18 1996-03-23T17:04 Cruise:WOD05_SU019025
39.0500 44.083 17.9446 1.1 97 1 25 6 1996-03-25T04:49 Cruise:WOD05_SU019025
39.2417 43.717 17.9947 1.1 97 1 27 22 1996-03-27T21:22 Cruise:WOD05_SU019025
39.2500 43.083 17.986 1.1 97 1 26 18 1996-03-26T16:42 Cruise:WOD05_SU019025
39.3017 43.905 17.8083 1.1 97 1 24 8 1996-03-24T07:28 Cruise:WOD05_SU019025
39.3700 43.800 17.9092 1.1 97 1 27 24 1996-03-27T23:25 Cruise:WOD05_SU019025
39.3830 43.550 17.97 1.1 93 1 22 24 1992-03-22T23:25 Cruise:WOD05_UA000087
39.3833 43.827 17.8523 1.1 97 1 28 1 1996-03-28T00:16 Cruise:WOD05_SU019025
39.5000 42.367 18.41 1.1 78 1 27 5 1977-03-27T04:00 Cruise:WOD05_UA000048
39.5167 43.495 17.9234 1.1 97 1 27 19 1996-03-27T17:55 Cruise:WOD05_SU019025
39.5850 43.535 17.9368 1.1 97 1 27 18 1996-03-27T16:43 Cruise:WOD05_SU019025
39.6500 42.283 18.08 1.1 92 1 31 23 1991-03-31T22:15 Cruise:WOD05_SU019009
39.6533 43.617 17.8824 1.1 97 1 27 6 1996-03-27T04:42 Cruise:WOD05_SU019025
39.6983 43.532 17.9521 1.1 97 1 27 8 1996-03-27T07:09 Cruise:WOD05_SU019025
39.9830 42.500 18.091 1.1 93 1 21 1 1992-03-21T00:00 Cruise:WOD05_UA000087
39.9900 42.555 18.11 1.1 93 1 21 13 1992-03-21T12:00 Cruise:WOD05_UA000087
40.0000 42.117 17.98 1.1 93 1 20 16 1992-03-20T15:30 Cruise:WOD05_UA000087
40.0000 42.500 18.1 1.1 93 1 21 7 1992-03-21T06:00 Cruise:WOD05_UA000087
40.0000 43.000 18.05 1.1 93 1 19 10 1992-03-19T09:00 Cruise:WOD05_UA000087
40.0000 43.182 18.098 1.1 93 1 19 14 1992-03-19T12:49 Cruise:WOD05_UA000087
40.0170 42.432 18.12 1.1 93 1 22 1 1992-03-22T00:00 Cruise:WOD05_UA000087
40.0170 42.482 18.12 1.1 93 1 21 19 1992-03-21T18:00 Cruise:WOD05_UA000087
40.1167 42.167 17.91 1.1 92 1 31 21 1991-03-31T19:45 Cruise:WOD05_SU019009
40.4170 42.932 17.91 1.1 93 1 19 18 1992-03-19T16:45 Cruise:WOD05_UA000087
40.6167 42.033 17.75 1.1 92 1 30 7 1991-03-30T06:10 Cruise:WOD05_SU019009
40.9830 42.650 17.87 1.1 93 1 19 23 1992-03-19T22:15 Cruise:WOD05_UA000087
41.0000 42.000 17.84 1.1 93 1 20 8 1992-03-20T06:40 Cruise:WOD05_UA000087
41.0000 42.500 17.89 1.1 93 1 20 3 1992-03-20T01:49 Cruise:WOD05_UA000087
41.0833 41.917 17.77 1.1 92 1 31 9 1991-03-31T08:10 Cruise:WOD05_SU019009
